04329668000138
08998654000168
73845786000111
65591695000179
04202583000194
03905341000102
60831104000331
14675270000298
12549951000101
15724796000100
48539407002919
22311442000191
03376350000145
46068425000133
31565104002110
08654191000117
08354533000183
21114494000105
00920868000100
18870181000172
15519426000123
22156953000186
05588988000175
05411789000197
09441008000168
21935053000174
03132745000100
18870181000172
03809579000126
03376350000145
29287343000160
31565104002110
00000000000000
12081776000162
29654819000154
11971233000310
25370971000154
54995261000118
06176586000126
43818418000970
12564086000164
33050196000188
20831215000161
08580849000193
15757979000114
05352572000153
25281415000101
29653439000103
08998654000168
14466113000191
65426538000108
33621286000181
02332686000143
20686891000199
20640786000119
02677328000172
68059674000103
71631261000158
03582243000173
62823257027643
23741593000304
07228258000199
36752843000191
13625300000108
10792020000104
05364904000110
06980081000110
67994897000197
66558040000161
07339867000115
03435139000156
12877451000190
61064911000177
04213425000130
42310177003907
39969361000186
07098192000160
23029210000108
27068409000104
20136940000110
19604617000144
03901413000135
07668523000150
54625819002893
56998438000670
